\ MagicQ status file

V,004a,"MagicQ 1";

T,"/Applications/MagicQ/show/laurin lisakikat 2016.shw",0000,0000,0000,0000,"E:",
0001,00c8,01100000,01100011,01100022,01100033,01100044,01100055,01100066,01100077,01100088,01100099,011000aa,011000bb,011000cc,011000dd,011000ee,011000ff,01100000,01100011,01100022,01100033,01100044,01100055,01100066,01100077,01100088,01100099,011000aa,011000bb,011000cc,011000dd,011000ee,011000ff,01100000,01100011,01100022,01100033,01100044,01100055,01100066,01100077,01100088,01100099,011000aa,011000bb,011000cc,011000dd,011000ee,011000ff,01100000,01100011,01100022,01100033,01100044,01100055,01100066,01100077,01100088,01100099,011000aa,011000bb,011000cc,011000dd,011000ee,011000ff,01100000,01100011,01100022,01100033,01100044,01100055,01100066,01100077,01100088,01100099,011000aa,011000bb,011000cc,011000dd,011000ee,011000ff,01100000,01100011,01100022,01100033,01100044,01100055,01100066,01100077,01100088,01100099,011000aa,011000bb,011000cc,011000dd,011000ee,011000ff,01100000,01100011,01100022,01100033,01100044,01100055,01100066,01100077,01100088,01100099,011000aa,011000bb,011000cc,011000dd,011000ee,011000ff,01100000,01100011,01100022,01100033,01100044,01100055,01100066,01100077,01100088,01100099,011000aa,011000bb,011000cc,011000dd,011000ee,011000ff,01100000,01100011,01100022,01100033,01100044,01100055,01100066,01100077,01100088,01100099,011000aa,011000bb,011000cc,011000dd,011000ee,011000ff,01100000,01100011,01100022,01100033,01100044,01100055,01100066,01100077,01100088,01100099,011000aa,011000bb,011000cc,011000dd,011000ee,011000ff,01100000,01100011,01100022,01100033,01100044,01100055,01100066,01100077,01100088,01100099,011000aa,011000bb,011000cc,011000dd,011000ee,011000ff,01100000,01100011,01100022,01100033,01100044,01100055,01100066,01100077,01100088,01100099,011000aa,011000bb,011000cc,011000dd,011000ee,011000ff,01100000,01100011,01100022,01100033,01100044,01100055,01100066,01100077,
072a10ac,0000,00ffffff,"",00000000,
0001,0008,
0008,0000,0018,0000,0000,0000,0000,"",
0008,0000,0018,0000,0000,0000,0000,"",
0008,0000,0018,0000,0000,0000,0000,"",
0008,0000,0018,0000,0000,0000,0000,"",
0008,0000,0018,0000,0000,0000,0000,"",
0008,0000,0018,0000,0000,0000,0000,"",
0008,0000,0018,0000,0000,0000,0000,"",
0008,0000,0018,0000,0000,0000,0000,"",
00000000,00000000,00000000,0000,0001,
0046,0046,0046,0046,0046,0046,0046,0046,
"","",0014,0000,00c8,00000000,
00000000,00000000,00000000,00000000,00000000,00000000,00000000,00000000,00000000,00000000,00000000,00000000,00000000,00000000,00000000,00000000,00000000,00000000,00000000,00000000,00000000,00000000,00000000,00000000,00000000,00000000,00000000,00000000,00000000,00000000,00000000,00000000,11000000,00000000,11000000,00000000,11000000,00000000,11000000,00000000,11000000,00000000,11000000,00000000,11000000,00000000,11000000,00000000,11000000,00000000,11000000,00000000,11000000,00000000,11000000,00000000,11000000,00000000,11000000,00000000,11000000,00000000,11000000,00000000,22000000,00000000,22000000,00000000,22000000,00000000,22000000,00000000,22000000,00000000,22000000,00000000,22000000,00000000,22000000,00000000,22000000,00000000,22000000,00000000,22000000,00000000,22000000,00000000,22000000,00000000,22000000,00000000,22000000,00000000,22000000,00000000,33000000,00000000,33000000,00000000,33000000,00000000,33000000,00000000,33000000,00000000,33000000,00000000,33000000,00000000,33000000,00000000,33000000,00000000,33000000,00000000,33000000,00000000,33000000,00000000,33000000,00000000,33000000,00000000,33000000,00000000,33000000,00000000,44000000,00000000,44000000,00000000,44000000,00000000,44000000,00000000,44000000,00000000,44000000,00000000,44000000,00000000,44000000,00000000,44000000,00000000,44000000,00000000,44000000,00000000,44000000,00000000,44000000,00000000,44000000,00000000,44000000,00000000,44000000,00000000,55000000,00000000,55000000,00000000,55000000,00000000,55000000,00000000,55000000,00000000,55000000,00000000,55000000,00000000,55000000,00000000,55000000,00000000,55000000,00000000,55000000,00000000,55000000,00000000,55000000,00000000,55000000,00000000,55000000,00000000,55000000,00000000,66000000,00000000,66000000,00000000,66000000,00000000,66000000,00000000,66000000,00000000,66000000,00000000,66000000,00000000,66000000,00000000,66000000,00000000,66000000,00000000,66000000,00000000,66000000,00000000,66000000,00000000,66000000,00000000,66000000,00000000,66000000,00000000,77000000,00000000,77000000,00000000,77000000,00000000,77000000,00000000,77000000,00000000,77000000,00000000,77000000,00000000,77000000,00000000,77000000,00000000,77000000,00000000,77000000,00000000,77000000,00000000,77000000,00000000,77000000,00000000,77000000,00000000,77000000,00000000,88000000,00000000,88000000,00000000,88000000,00000000,88000000,00000000,88000000,00000000,88000000,00000000,88000000,00000000,88000000,00000000,88000000,00000000,88000000,00000000,88000000,00000000,88000000,00000000,88000000,00000000,88000000,00000000,88000000,00000000,88000000,00000000,99000000,00000000,99000000,00000000,99000000,00000000,99000000,00000000,99000000,00000000,99000000,00000000,99000000,00000000,99000000,00000000,99000000,00000000,99000000,00000000,99000000,00000000,99000000,00000000,99000000,00000000,99000000,00000000,99000000,00000000,99000000,00000000,aa000000,00000000,aa000000,00000000,aa000000,00000000,aa000000,00000000,aa000000,00000000,aa000000,00000000,aa000000,00000000,aa000000,00000000,aa000000,00000000,aa000000,00000000,aa000000,00000000,aa000000,00000000,aa000000,00000000,aa000000,00000000,aa000000,00000000,aa000000,00000000,bb000000,00000000,bb000000,00000000,bb000000,00000000,bb000000,00000000,bb000000,00000000,bb000000,00000000,bb000000,00000000,bb000000,00000000,bb000000,00000000,bb000000,00000000,bb000000,00000000,bb000000,00000000,bb000000,00000000,bb000000,00000000,bb000000,00000000,bb000000,00000000,cc000000,00000000,cc000000,00000000,cc000000,00000000,cc000000,00000000,cc000000,00000000,cc000000,00000000,cc000000,00000000,cc000000,00000000,
0000,0000,0000,0000,0000,0000,0000,
0000,0000,0000,0000,
0000,0000,0000,
0000,"",
0000,
0032,
"",00000000,00000000,0000,0000,0000,0000,"","","","",
"",00000000,00000000,0000,0000,0000,0000,"","","","",
"",00000000,00000000,0000,0000,0000,0000,"","","","",
"",00000000,00000000,0000,0000,0000,0000,"","","","",
"",00000000,00000000,0000,0000,0000,0000,"","","","",
"",00000000,00000000,0000,0000,0000,0000,"","","","",
"",00000000,00000000,0000,0000,0000,0000,"","","","",
"",00000000,00000000,0000,0000,0000,0000,"","","","",
"",00000000,00000000,0000,0000,0000,0000,"","","","",
"",00000000,00000000,0000,0000,0000,0000,"","","","",
"",00000000,00000000,0000,0000,0000,0000,"","","","",
"",00000000,00000000,0000,0000,0000,0000,"","","","",
"",00000000,00000000,0000,0000,0000,0000,"","","","",
"",00000000,00000000,0000,0000,0000,0000,"","","","",
"",00000000,00000000,0000,0000,0000,0000,"","","","",
"",00000000,00000000,0000,0000,0000,0000,"","","","",
"",00000000,00000000,0000,0000,0000,0000,"","","","",
"",00000000,00000000,0000,0000,0000,0000,"","","","",
"",00000000,00000000,0000,0000,0000,0000,"","","","",
"",00000000,00000000,0000,0000,0000,0000,"","","","",
"",00000000,00000000,0000,0000,0000,0000,"","","","",
"",00000000,00000000,0000,0000,0000,0000,"","","","",
"",00000000,00000000,0000,0000,0000,0000,"","","","",
"",00000000,00000000,0000,0000,0000,0000,"","","","",
"",00000000,00000000,0000,0000,0000,0000,"","","","",
"",00000000,00000000,0000,0000,0000,0000,"","","","",
"",00000000,00000000,0000,0000,0000,0000,"","","","",
"",00000000,00000000,0000,0000,0000,0000,"","","","",
"",00000000,00000000,0000,0000,0000,0000,"","","","",
"",00000000,00000000,0000,0000,0000,0000,"","","","",
"",00000000,00000000,0000,0000,0000,0000,"","","","",
"",00000000,00000000,0000,0000,0000,0000,"","","","",
"",00000000,00000000,0000,0000,0000,0000,"","","","",
"",00000000,00000000,0000,0000,0000,0000,"","","","",
"",00000000,00000000,0000,0000,0000,0000,"","","","",
"",00000000,00000000,0000,0000,0000,0000,"","","","",
"",00000000,00000000,0000,0000,0000,0000,"","","","",
"",00000000,00000000,0000,0000,0000,0000,"","","","",
"",00000000,00000000,0000,0000,0000,0000,"","","","",
"",00000000,00000000,0000,0000,0000,0000,"","","","",
"",00000000,00000000,0000,0000,0000,0000,"","","","",
"",00000000,00000000,0000,0000,0000,0000,"","","","",
"",00000000,00000000,0000,0000,0000,0000,"","","","",
"",00000000,00000000,0000,0000,0000,0000,"","","","",
"",00000000,00000000,0000,0000,0000,0000,"","","","",
"",00000000,00000000,0000,0000,0000,0000,"","","","",
"",00000000,00000000,0000,0000,0000,0000,"","","","",
"",00000000,00000000,0000,0000,0000,0000,"","","","",
"",00000000,00000000,0000,0000,0000,0000,"","","","",
"",00000000,00000000,0000,0000,0000,0000,"","","","",
0000,0000,0000,00000000,0001,
001e,0000,
0000,0004,
0,0,0556,0300,0007,
0,0,0000,0000,0000,
0,0,0000,0000,0000,
0,0,0000,0000,0000,
0000,0000,0000,0000,0000,0000,
0000,"show",
0000,0000,0000,0000,1f90,
0010,0000,0000,0000,0000,0000,0000,0000,0000,0000,0000,0000,0000,0000,0000,0000,0000,0000,0000,
0000,0000,0000,0000,0000,0000,0000,0000,0000,0000,0000,0000,0000,0000,0000,0000,
0000,0000,0000,0000,0000,
0000,0000,0000,0000,0001,00000000,
"",0000,0000,0002,
00000000,00000000,00000000,00000000,00000000,00000000,00000000,00000000,00000000,00000000,00000000,00000000,00000000,00000000,00000000,00000000,00000000,00000000,00000000,00000000,00000000,00000000,00000000,00000000,00000000,00000000,00000000,00000000,00000000,00000000,00000000,00000000,00000000,00000000,00000000,00000000,00000000,00000000,00000000,00000000,00000000,00000000,00000000,00000000,00000000,00000000,00000000,00000000,00000000,00000000,00000000,00000000,00000000,00000000,00000000,00000000,00000000,00000000,00000000,00000000,00000000,00000000,00000000,00000000,00000000,00000000,00000000,00000000,00000000,00000000,00000000,00000000,00000000,00000000,00000000,00000000,00000000,00000000,00000000,00000000,00000000,00000000,00000000,00000000,00000000,00000000,00000000,00000000,00000000,00000000,00000000,00000000,00000000,00000000,00000000,00000000,00000000,00000000,00000000,00000000,00000000,00000000,00000000,00000000,00000000,00000000,00000000,00000000,00000000,00000000,00000000,00000000,00000000,00000000,00000000,00000000,00000000,00000000,00000000,00000000,00000000,00000000,00000000,00000000,00000000,00000000,00000000,00000000,00000000,00000000,00000000,00000000,00000000,00000000,00000000,00000000,00000000,00000000,00000000,00000000,00000000,00000000,00000000,00000000,00000000,00000000,00000000,00000000,00000000,00000000,00000000,00000000,00000000,00000000,00000000,00000000,00000000,00000000,00000000,00000000,00000000,00000000,00000000,00000000,00000000,00000000,00000000,00000000,00000000,00000000,00000000,00000000,00000000,00000000,00000000,00000000,00000000,00000000,00000000,00000000,00000000,00000000,00000000,00000000,00000000,00000000,00000000,00000000,00000000,00000000,00000000,00000000,00000000,00000000,00000000,00000000,00000000,00000000,00000000,00000000,0000,1999,00000000,0000,0000,
0000,0000,00a6,0063,
0000,00000000,00000000,00000001,0002,
00000000,00000000,0000,0000,"","",0000,
0000,0000,0000,0000,0000,0000,
0.000000,0.000000,0.000000,
0000,

0008,
0000,0000,0000,0000,0000,0000,0000,0000,
0001,
122,163,0320,0258,0000,
00d4d0c8,00c0c0c0,00ffffff,00808080,0000000b,00000000,
00000000,00000000,"",00000000,
00000000,"",
00000000,"",
00000000,"",
00000000,"",
00000000,"",
00000000,"",
00000000,"",
00000000,"",
00000000,"",
00000000,"",
00000000,"",
00000000,"",
00000000,"",
00000000,"",
00000000,"",
00000000,"",
00000000,"",
00000000,"",
00000000,"",
00000000,"",
00000000,"",
00000000,"",
00000000,"",
00000000,"",
00000000,"",
00000000,"",
00000000,"",
00000000,"",
00000000,"",
00000000,"",
00000000,"",
00000000,"",
00000000,"",
00000000,"",
00000000,"",
00000000,"",
00000000,"",
00000000,"",
00000000,"",
00000000,"",
00000000,"",
00000000,"",
00000000,"",
00000000,"",
00000000,"",
00000000,"",
00000000,"",
00000000,"",
00000000,"",
00000000,"",
00000000,"",
00000000,"",
00000000,"",
00000000,"",
00000000,"",
00000000,"",
00000000,"",
00000000,"",
00000000,"",
00000000,"",
00000000,"",
00000000,"",
00000000,"",
00000000,"",
00000000,"",
00000000,"",
00000000,"",
00000000,"",
00000000,"",
00000000,"",
00000000,"",
00000000,"",
00000000,"",
00000000,"",
00000000,"",
00000000,"",
00000000,"",
00000000,"",
00000000,"",
00000000,"",
00000000,"",
00000000,"",
00000000,"",
00000000,"",
00000000,"",
00000000,"",
00000000,"",
00000000,"",
00000000,"",
00000000,"",
00000000,"",
00000000,"",
00000000,"",
00000000,"",
00000000,"",
00000000,"",
00000000,"",
00000000,"",
00000000,"",
00000000,"",
00000000,"",
00000000,"",
00000000,"",
00000000,"",
00000000,"",
00000000,"",
00000000,"",
00000000,"",
00000000,"",
00000000,"",
00000000,"",
00000000,"",
00000000,"",
00000000,"",
00000000,"",
00000000,"",
00000000,"",
00000000,"",
00000000,"",
00000000,"",
00000000,"",
00000000,"",
00000000,"",
00000000,"",
00000000,"",
00000000,"",
00000000,"",
00000000,"",
00000000,"",
00000000,"",
00000000,"",
00000000,"",
00000000,"",
00000000,"",
00000000,"",
00000000,"",
00000000,"",
00000000,"",
00000000,"",
00000000,"",
00000000,"",
00000000,"",
00000000,"",
00000000,"",
00000000,"",
00000000,"",
00000000,"",
00000000,"",
00000000,"",
00000000,"",
00000000,"",
00000000,"",
00000000,"",
00000000,"",
00000000,"",
00000000,"",
00000000,"",
00000000,"",
00000000,"",
00000000,"",
00000000,"",
00000000,"",
00000000,"",
00000000,"",
00000000,"",
00000000,"",
00000000,"",
00000000,"",
00000000,"",
00000000,"",
00000000,"",
00000000,"",
00000000,"",
00000000,"",
00000000,"",
00000000,"",
00000000,"",
00000000,"",
00000000,"",
00000000,"",
00000000,"",
00000000,"",
00000000,"",
00000000,"",
00000000,"",
00000000,"",
00000000,"",
00000000,"",
00000000,"",
00000000,"",
00000000,"",
00000000,"",
00000000,"",
00000000,"",
00000000,"",
00000000,"",
00000000,"",
00000000,"",
00000000,"",
00000000,"",

0000,
0000ffff,00000400,1.000000,0.500000,
00000000,
00000000,
00000000,0000,0000,0000,
"show",
2328,1f40,00000000,
"","","","",00000000,00000000,
;
